single 128 100 64 128 5 128 30
single 128 100 64 128 25 128 30
single 128 100 64 128 50 128 30
single 128 100 64 128 100 128 30
single 128 100 64 128 150 128 30
single 128 100 64 128 250 128 30
single 128 100 64 128 500 128 30
single 128 100 64 64 5 128 30
single 128 100 64 64 25 128 30
single 128 100 64 64 50 128 30
single 128 100 64 64 100 128 30
single 128 100 64 64 150 128 30
single 128 100 64 64 250 128 30
single 128 100 64 64 500 128 30
single 128 100 64 128 100 128 30
single 128 100 64 128 100 128 30
single 128 100 64 128 100 128 30
single 128 100 64 128 100 128 30
single 128 100 64 128 100 128 30
single 128 100 64 128 100 128 30
single 128 100 64 128 100 128 30
single 128 100 64 128 100 128 30
single 128 100 64 128 100 128 30
single 128 100 64 128 100 128 30
single 128 100 64 128 100 128 30
single 128 100 64 128 100 128 30
single 128 100 64 128 100 128 30
single 128 100 64 128 100 128 30
single 128 100 64 128 100 128 30
single 128 100 64 128 100 128 30
